"tvdnr"	"CCa"	"CCc"	"CFa"	"CFc"	"CWa"	"CWc"	"cfa_rank"	"cfc_rank"
"1"	"CH120016518060"	106.7	106.89	112.53	123.68	104.03	105.55	20	9
"2"	"CH120019396917"	121.54	127.22	99.42	99.69	121.23	122.5	68	67
"3"	"CH120022808032"	101.58	105.96	91.78	93.64	111.09	130.25	77	73
"4"	"CH120028469794"	92.36	94.79	111.41	119.74	93.39	109.09	24	10
"5"	"CH120034049140"	111.29	109.34	107.7	109.12	110.38	105.15	40	47
"6"	"CH120034375959"	108.71	107.26	115.93	110.12	103.75	100.95	14	43
"7"	"CH120035139239"	118.23	113.82	105.3	102.62	132.1	133.86	53	65
"8"	"CH120047096148"	97.91	96.78	116.56	127.98	98.99	94.83	12	3
"9"	"CH120047097039"	92.39	95.12	112.13	125.53	91.64	97.35	21	6
"10"	"CH120047487854"	122.03	128.65	110.78	119.1	115.3	121.81	29	12
"11"	"CH120048531280"	75.88	79.3	107.84	112.58	90.26	93.2	39	31
"12"	"CH120050687678"	111.19	104.45	124.2	110.8	107.02	95.23	1	39
"13"	"CH120051085138"	113.04	109.98	103.85	102.72	114.57	121.87	59	64
"14"	"CH120061859422"	78.32	77.1	106.39	107.08	92.66	92.89	50	54
"15"	"CH120062115961"	107.01	111.82	84.56	94.74	72.6	94.08	82	71
"16"	"CH120062364840"	103.39	107.63	101.43	106.48	76.36	89.65	64	57
"17"	"CH120062838204"	120.77	116.63	107.91	107.54	114.59	109.14	38	52
"18"	"CH120062888155"	103.1	111.48	100.69	110.8	87.15	103.77	66	39
"19"	"CH120069753265"	121.71	120.17	85.97	82.43	114.63	126.6	80	80
"20"	"CH120069771368"	118.12	117.68	119.75	127.41	127.03	130.23	7	4
"21"	"CH120076518185"	105.67	105.82	87.6	87.65	107.09	107.59	78	79
"22"	"CH120077144895"	107.26	104.66	107.16	111.03	95.68	89.27	42	36
"23"	"CH120077254938"	116.48	124	106.58	110.15	127.04	130.14	48	42
"24"	"CH120077354324"	97.97	98.07	103.57	104.12	100.35	105.38	60	59
"25"	"CH120078167190"	106.62	108.62	113.17	125.85	107.63	108.81	17	5
"26"	"CH120079192597"	112.32	102.25	121.73	119.4	100.8	101.41	3	11
"27"	"CH120080772429"	96.11	104.39	84.22	80.2	104.04	105.04	83	81
"28"	"CH120080918056"	101.94	101.57	108.88	114.03	89.87	88.85	35	27
"29"	"CH120081166180"	94.77	92.09	105.59	103.58	102.69	99.47	52	61
"30"	"CH120081920911"	108.95	108.28	100.08	91.61	117.61	108.83	67	78
"31"	"CH120082287358"	99.76	97.2	104.83	105.75	90.77	87.12	55	58
"32"	"CH120083947671"	104.72	102.51	122.42	134.65	112.13	112.79	2	1
"33"	"CH120084383393"	91.69	87.67	101.21	93.59	82.82	85.67	65	74
"34"	"CH120088511174"	107.26	102.97	107.13	102.94	107.43	106.23	43	63
"35"	"CH120089001445"	109.01	113.77	109.44	115.68	104.83	109.53	33	20
"36"	"CH120089263638"	106.03	100.81	84.63	71.81	95.8	91.59	81	83
"37"	"CH120091103601"	99.45	99.82	98.09	96.71	98.29	102.59	70	70
"38"	"CH120091827880"	94.99	94.31	97.27	98.78	90.05	92.2	71	68
"39"	"CH120094442288"	111.39	105.62	87.56	76.66	107.44	107.86	79	82
"40"	"CH120094442295"	122.04	116.26	102.15	108.34	115.32	104.94	62	49
"41"	"CH120098198068"	94.85	92.56	118.96	114.15	84.83	88.76	8	26
"42"	"CH120098198402"	101.15	102.27	111.32	112.27	89.4	97.8	25	33
"43"	"CH120098745781"	98.72	100.84	107.05	109.95	108.26	114.87	45	44
"44"	"CH120099620506"	88.33	87.88	117.07	118.51	102.28	99.98	11	15
"45"	"CH120100530664"	112.64	119.04	96.12	98.34	93.33	108.87	73	69
"46"	"CH120101720767"	124.68	120.59	108.73	106.64	127.19	113.94	36	56
"47"	"CH120101828067"	99.71	95.27	112.98	114.99	104.61	109.77	18	22
"48"	"CH120102895549"	109.75	116.83	96.84	103.98	109.01	115.96	72	60
"49"	"CH120111648969"	112.25	116.69	104.96	112.61	125.09	129.71	54	30
"50"	"CH900000345977"	88	86.89	111.23	109.19	96.99	85.16	26	46
"51"	"CH900000418404"	124.36	121.78	107.97	103.4	119.17	112.65	37	62
"52"	"CH900000419081"	94.98	99.03	111.1	110.65	107.58	99.86	27	40
"53"	"CH900000438372"	99.81	101.76	112.78	114.58	122.79	114.7	19	24
"54"	"CH900000478378"	112.66	116.54	106.44	117.04	105.96	103.01	49	18
"55"	"CH900000488506"	87.31	82.27	105.79	106.64	104.3	80.61	51	56
"56"	"CH900000775828"	107.43	109.19	109.66	109.43	114.49	109.2	31	45
"57"	"CH900000967742"	112.58	102.13	101.83	93.85	114.59	105.46	63	72
"58"	"CH900000989355"	81.46	86.95	109.87	115.39	90.69	89.9	30	21
"59"	"CH900001056162"	119.14	117	107.17	107.1	101.15	89.3	41	53
"60"	"CH900001097004"	104.22	104.27	111.75	111.26	108.58	103.55	22	34
"61"	"CH900001201548"	119.94	117	107.1	100.92	127.42	120.13	44	66
"62"	"CH900001588830"	104.79	101.68	106.93	111.22	99.83	108.98	47	35
"63"	"CZ001173372814"	86.03	86.86	118.07	125.23	105.53	106.31	9	7
"64"	"CZ005850020319"	95.62	95	108.97	118.74	112.09	118.25	34	14
"65"	"CZ205117021688"	85.32	86.53	107.01	113.62	109.63	111.1	46	28
"66"	"CZ440610185301"	95.7	90.44	109.53	112.97	115.15	108.45	32	29
"67"	"CZ532810607612"	96.75	97.61	103.97	108	115.11	109.58	58	51
"68"	"CZ962820380746"	90.72	95.73	111	114.9	105.69	106.74	28	23
"69"	"DE003518814269"	107.71	110.07	92.09	93.09	107.35	121.84	76	76
"70"	"DE005790454690"	114.43	121.44	95.63	92.14	93.49	100.15	74	77
"71"	"DE006651378698"	102.92	98.73	103.98	110.33	97.53	109.75	57	41
"72"	"DE008910022922"	113.53	114.99	93.94	93.26	108.59	107.93	75	75
"73"	"DE009837099295"	125.13	139.75	102.76	108.57	108.61	117.56	61	48
"74"	"DE009846861883"	120.36	125.48	98.38	108.14	111.22	114.91	69	50
"75"	"DE009873867483"	104.35	96.62	120.63	118.84	103.1	101.36	6	13
"76"	"DE076000550624"	120.75	115.58	120.7	116.49	104.71	95.83	5	19
"77"	"GB000000071192"	90.94	88.76	115.46	117.57	101.91	102.96	15	16
"78"	"GB000497001337"	92.28	93.89	111.61	117.11	99.37	99.19	23	17
"79"	"GB015246001612"	90.26	93.61	116.23	128.33	104.53	106.88	13	2
"80"	"GB401481000075"	101.94	104.38	104.57	110.98	111.79	112.57	56	37
"81"	"IE000000065188"	100.22	98.65	117.25	112.46	106.62	102.99	10	32
"82"	"IE412498600961"	99.39	105.96	114.11	124.55	92.23	94.53	16	8
"83"	"US000157231807"	104.23	99.76	121.58	114.44	117.15	112.65	4	25