"tvdnr"	"CCa"	"CCc"	"CFa"	"CFc"	"CWa"	"CWc"	"cfa_rank"	"cfc_rank"
"1"	"CA000001829647"	110.03	106.98	111.53	122.66	98.56	97.18	54	4
"2"	"CA000040713754"	90.36	89.58	116.09	113.04	93.49	96.99	13	37
"3"	"CH120002515639"	100.69	102.16	113.87	112.64	96.52	99.2	27	42
"4"	"CH120004390654"	104.95	108.84	107.62	114.75	92.46	95.11	105	31
"5"	"CH120004843846"	96.16	97.34	111.96	118.66	94.32	102.2	50	10
"6"	"CH120005855817"	119.35	114.57	103.32	105.24	106.46	108.69	197	148
"7"	"CH120006830486"	116	105.76	102.52	99.78	111.55	95.44	213	230
"8"	"CH120006830509"	114.42	110.14	107.73	108.5	108.49	103.29	101	93
"9"	"CH120008561135"	111.51	100.88	112.4	98.69	102.03	104.69	47	248
"10"	"CH120009538693"	109.33	107.82	113.1	112.34	95.95	94.43	34	45
"11"	"CH120014726283"	104.59	96.15	111.16	106.69	103.67	92.48	59	114
"12"	"CH120015260311"	123.32	123.47	106.48	106.58	103.95	108.07	128	118
"13"	"CH120015384659"	110.82	102.37	109.24	100.69	127.36	124.97	80	214
"14"	"CH120015384840"	116.55	120.73	79.06	75.92	88.96	113.1	353	350
"15"	"CH120016443157"	117.78	121.84	105.09	100.93	97.64	108.54	155	212
"16"	"CH120019209378"	120.27	128.82	104.99	102.19	101.04	103.23	161	196
"17"	"CH120019345564"	127.77	131.29	99.39	99.63	109.14	114.04	270	232
"18"	"CH120019345649"	120.7	126.08	103.04	102.08	105.76	111.84	202	199
"19"	"CH120019345748"	118.98	121.67	104.26	100.61	109.97	107.64	178	216
"20"	"CH120020618664"	111.29	109.78	106.86	110.36	97.49	95.99	116	63
"21"	"CH120020618718"	118.41	115.95	110.63	111.82	101.94	93	63	52
"22"	"CH120020618763"	109.2	110.43	105.73	101.98	94.73	111.04	146	200
"23"	"CH120020698444"	118.09	112.36	102.3	100.22	112.89	98.69	216	224
"24"	"CH120023847832"	122.18	113.4	111.38	115.58	102.94	98.59	57	23
"25"	"CH120024611296"	106.58	114.84	85.39	94.14	85.05	95.09	345	289
"26"	"CH120025243298"	113.07	108.28	103.38	101.78	106.99	93.42	194	203
"27"	"CH120025859413"	126.21	124.43	101.11	101.38	102.26	104	235	207
"28"	"CH120029227447"	104.16	101.77	112.97	109.3	95.82	98.15	37	82
"29"	"CH120029558916"	119.39	121.74	93.58	91.65	109.36	116.43	318	308
"30"	"CH120030016665"	123.37	124.42	108.1	106.23	105.55	106.56	96	128
"31"	"CH120031930823"	115.23	113.43	102.44	95.49	113.05	109.03	214	275
"32"	"CH120032012047"	123.16	119.25	104.42	97.91	115.09	107.05	174	252
"33"	"CH120032483694"	110.1	109.52	105	101.88	104.95	101.75	159	202
"34"	"CH120032630265"	114.41	109.95	113.35	109.94	101.25	94.61	30	73
"35"	"CH120032630289"	95.94	87.97	116.53	121.68	96.64	84.46	7	6
"36"	"CH120034091866"	105.13	109.82	103.29	106.15	106.87	106.27	198	132
"37"	"CH120034091941"	130.36	130.43	112.51	112.43	108.22	100.59	43	44
"38"	"CH120034092054"	115.79	118.49	107.94	111.29	108.5	119.26	98	56
"39"	"CH120034092160"	112.78	121.66	101.96	103.87	98.61	96.1	223	171
"40"	"CH120034092313"	110.17	107.64	110.58	109.97	102.61	96.01	64	72
"41"	"CH120034092641"	120.31	114	100.5	92.75	90.97	93.73	253	300
"42"	"CH120035008030"	123.15	132.06	103.66	108.92	116.59	132.16	190	87
"43"	"CH120035270437"	106.24	100.01	109.36	103.53	101.81	105.4	77	179
"44"	"CH120035270536"	103.88	101.6	106.77	106.45	100.6	101.1	120	122
"45"	"CH120035310294"	104.79	104.29	95.69	91.37	87.87	90.79	300	310
"46"	"CH120035310621"	110.94	115.96	98.02	106.59	91.88	110.28	278	116
"47"	"CH120035310980"	109.57	103.43	110.85	95.19	97.08	100.01	60	279
"48"	"CH120035311574"	112.08	113.11	112.4	110.16	110.54	112.82	47	66
"49"	"CH120037637740"	108.61	107.19	105.87	101.03	97.41	103.08	142	210
"50"	"CH120037638129"	99.2	107.34	96.98	96.39	97.69	110.82	289	268
"51"	"CH120037638464"	102.69	111.93	81.21	77.67	98.62	111.36	351	348
"52"	"CH120038177092"	108.29	108.04	90.68	74.39	95.88	114.78	330	352
"53"	"CH120038261968"	120.98	121.74	97.3	90.32	111.39	100.6	284	316
"54"	"CH120038261982"	109.99	109.95	93.69	92.97	95.59	98.96	316	296
"55"	"CH120038262019"	112.24	116.1	100.05	100.66	99.47	110.73	261	215
"56"	"CH120038790123"	114.48	121.33	96.71	99	91.94	102.68	291	243
"57"	"CH120038980098"	108.01	109.13	107.76	106.55	104.19	96.62	100	119
"58"	"CH120039247824"	84.76	88.23	97.02	100.56	78.98	86.09	288	218
"59"	"CH120040153091"	124.53	122.75	100.86	93.03	106.53	112.47	244	295
"60"	"CH120040870622"	102.25	107.05	93.48	90.48	103.39	103.92	320	314
"61"	"CH120040871162"	108.49	117.36	95	97.5	91.43	111.3	304	257
"62"	"CH120041456566"	115.67	110.73	102.52	103.31	92.55	93.5	213	184
"63"	"CH120042439544"	113.12	112.15	99.9	92.93	95.92	103.64	264	297
"64"	"CH120043411761"	112.93	104.56	113.58	106.54	123.56	120.77	28	120
"65"	"CH120043411792"	106.9	105.8	100.76	104.68	112.06	119.75	247	156
"66"	"CH120043411938"	111.08	109.35	100.74	104.91	100.22	109.53	249	154
"67"	"CH120043840462"	117.73	102.56	113.21	94.8	112.4	113.62	32	283
"68"	"CH120044289567"	101.07	103.38	85.39	88.48	90.16	101.34	345	327
"69"	"CH120044355583"	118.18	115.78	106.14	104.08	100.8	101.79	135	168
"70"	"CH120044355781"	106.85	101.81	104.07	104.46	99.25	114.68	184	160
"71"	"CH120044633056"	110.75	117.37	116.49	122.01	103.51	110.73	8	5
"72"	"CH120045394123"	107.95	107.27	93.93	91.83	107.86	108.71	313	306
"73"	"CH120045635417"	105.28	93.83	112.66	106.39	109.76	107.17	39	123
"74"	"CH120046322866"	123.83	123.49	99.77	96.9	106.09	120.15	266	264
"75"	"CH120046651805"	106.68	103.23	104.57	88.57	106.94	112.08	169	326
"76"	"CH120046652109"	110.38	105.97	100.95	89.25	111.21	119.49	240	320
"77"	"CH120046652178"	104	103.28	108.74	98.92	112.58	113.13	85	246
"78"	"CH120046804027"	111.76	104.11	107.59	94.62	103.5	105.43	106	285
"79"	"CH120046924565"	120.8	119.5	108.76	110.9	107.45	100.69	84	60
"80"	"CH120047244891"	94.36	89.68	106.54	99.1	96.63	99.82	126	239
"81"	"CH120048377871"	108.73	113.93	94.34	96.96	96.25	98.68	310	263
"82"	"CH120048381694"	125.17	125.33	103.39	106.22	97.87	107.47	191	130
"83"	"CH120050005403"	116.95	119.85	101.95	102.27	102.77	105.56	224	195
"84"	"CH120050416810"	110.35	107.53	93.91	84.68	105.46	111.76	314	340
"85"	"CH120050632043"	108.8	112.72	107.77	108.98	97.92	97.19	99	85
"86"	"CH120050801814"	115.91	118.27	107.37	112.99	94.17	94.12	109	38
"87"	"CH120050801869"	111.77	113.28	107.09	106.16	101.46	114.52	114	131
"88"	"CH120051018310"	114.5	115.91	105.06	107.28	92.74	97.32	157	107
"89"	"CH120051045576"	114.3	115.77	102.55	107.12	100	107.17	209	109
"90"	"CH120051250475"	113.79	118.77	101.42	105.26	107.89	120.81	232	147
"91"	"CH120052292122"	115.27	109.78	109.67	103.57	116.87	120.39	74	178
"92"	"CH120052444095"	109.86	119.58	101.22	110.23	104.74	113.18	233	65
"93"	"CH120053235098"	100.87	107.16	95.01	100.45	91.39	108.03	303	219
"94"	"CH120053509618"	101.69	96	112.64	113.63	108.66	104.49	40	34
"95"	"CH120053808827"	118.81	119.21	99.33	96.19	100.65	114.8	271	269
"96"	"CH120053907728"	116.28	114.43	112.83	110.12	99.98	95.68	38	69
"97"	"CH120053932157"	115.89	120.68	97.1	95.27	94.25	103.73	285	277
"98"	"CH120053932256"	117.54	117.25	107.65	99.46	94.64	92.24	104	235
"99"	"CH120053932348"	118.61	121.76	96.24	87.74	101.7	108.77	295	330
"100"	"CH120054370286"	112.86	113.31	87.26	80.14	111.07	121.77	342	347
"101"	"CH120054731773"	110.82	113.57	90.74	88.2	107.91	114.58	328	329
"102"	"CH120054732121"	112.52	116.37	101.68	100.24	107.77	107.07	229	223
"103"	"CH120055108604"	103.08	110.31	94.71	96.12	94.62	107.48	305	270
"104"	"CH120055365434"	123.1	126.22	104.8	106.59	121.13	119.54	162	116
"105"	"CH120055365540"	110.56	110.85	99.66	106.25	109.42	124.91	267	127
"106"	"CH120055365687"	109.56	113.43	88.82	90.51	107.02	112.26	335	313
"107"	"CH120056845492"	103.03	105.53	102.7	102.16	97.88	106.92	208	198
"108"	"CH120056845591"	107.1	101.55	119.68	117.39	101.76	95.02	2	13
"109"	"CH120058335427"	99.39	100.8	81.72	81.77	89.44	97.63	347	344
"110"	"CH120058350154"	98.22	95.56	97.05	94.06	100.55	110.76	287	290
"111"	"CH120059021725"	123.1	120.18	113.04	117.68	101.62	101.08	35	11
"112"	"CH120059021756"	112.18	113.13	96.6	88.65	101.85	113.96	293	325
"113"	"CH120059021886"	109.45	104.73	110.16	106.58	104.54	95	68	118
"114"	"CH120059021916"	106.92	104.02	107.4	105.28	108.2	115.75	107	145
"115"	"CH120059022012"	119.83	120.7	101.91	100.01	98.72	98.42	226	228
"116"	"CH120059023477"	101.41	108.49	93.52	95.12	80.23	95.3	319	281
"117"	"CH120059306617"	92.56	98.25	105.51	109.76	108.08	122.77	150	76
"118"	"CH120059457463"	114.65	113.54	115.18	124.08	105.12	102.41	18	3
"119"	"CH120061418544"	122.64	124.68	104.13	106.47	99.45	104.35	182	121
"120"	"CH120061418681"	123.99	116.35	104.23	109.98	102.17	98.32	179	70
"121"	"CH120061603452"	119.86	115.98	110.22	104.54	104.08	106.52	67	159
"122"	"CH120062464298"	115.28	119.14	100.2	103.14	101.36	108.33	258	187
"123"	"CH120063140641"	111.76	117.85	102.53	109.02	109.08	107.96	211	84
"124"	"CH120063140931"	121.38	125.39	105.63	107.41	122.39	129.02	147	103
"125"	"CH120063141006"	130.42	128.68	108.98	112.91	125.46	125.59	82	41
"126"	"CH120063289135"	104.65	97.8	100.64	94.53	103.65	96.43	250	287
"127"	"CH120063634683"	110	116.07	112.47	114.76	100.64	109.19	44	30
"128"	"CH120063634867"	113.75	110.59	116.41	104.32	106.43	106.67	10	164
"129"	"CH120063635109"	118.31	120.05	114.36	107.36	121.87	115.97	25	106
"130"	"CH120063848905"	114.75	114.66	107.26	106.22	114.35	121.81	111	130
"131"	"CH120064615285"	100.88	109.11	95.5	103.34	110.6	118.6	302	182
"132"	"CH120064715480"	123.08	115.67	104.79	101.48	110.72	113.31	163	205
"133"	"CH120065403379"	109.34	106.71	100.42	97.31	103.37	106.08	254	258
"134"	"CH120065403393"	115.16	114.63	81.25	69.3	105.19	110.43	350	353
"135"	"CH120065403522"	127.58	127.21	104.75	104.34	102.78	104.22	165	163
"136"	"CH120066597916"	111.33	109.75	100.26	104.4	93.78	104.5	256	161
"137"	"CH120066690891"	123.8	129.73	112.55	115.76	98.49	95.16	42	22
"138"	"CH120066690983"	108.4	111.2	102.42	97.58	107.93	114.03	215	256
"139"	"CH120067650474"	122.16	127.57	103.73	109.55	111.83	134.83	188	78
"140"	"CH120067714039"	123.33	116.35	104.56	99.04	106.97	97.12	171	241
"141"	"CH120067714183"	112.48	115.83	108.22	113.16	107.6	111.59	92	36
"142"	"CH120069581615"	104.26	105.71	98.71	97.13	101.54	111.52	274	260
"143"	"CH120070403036"	107.83	100.55	104.5	99.52	108.62	113.79	172	233
"144"	"CH120070413172"	104.66	102.12	116.29	112.02	99.58	84.24	11	50
"145"	"CH120070616238"	104.66	105.56	102.07	99.3	107.15	112.83	220	236
"146"	"CH120070961628"	112.21	110.11	94.66	90.46	82.16	82.58	306	315
"147"	"CH120071449477"	115.81	115.86	108.72	100.09	91.32	95.08	86	227
"148"	"CH120071991662"	118.1	117.6	92.88	87.65	112.77	118.38	324	332
"149"	"CH120072018375"	126.03	125.47	94.6	88.27	99.93	107.8	307	328
"150"	"CH120072100032"	110.44	114.25	105.99	120.07	105.45	113.38	140	9
"151"	"CH120073590801"	119.81	117.07	101.93	86.03	114.51	112.4	225	337
"152"	"CH120074085825"	120.86	124.76	104.99	108.88	114.81	121.5	161	89
"153"	"CH120074275073"	123.34	120.6	102.98	106.34	113.21	132.57	203	124
"154"	"CH120075894174"	122.44	121.49	98.78	93.52	113.13	118.28	273	292
"155"	"CH120075940918"	132.5	136.8	99.52	103.38	120.07	116.14	269	181
"156"	"CH120076081726"	110.79	105.6	109.28	105.96	110.85	115.23	78	135
"157"	"CH120077083132"	114.85	117.31	93.88	91.84	114.58	121.7	315	305
"158"	"CH120077579734"	110.46	120.7	80.71	86.31	109.58	131.96	352	336
"159"	"CH120078251882"	123.09	121.66	114.64	112.92	129.03	134.16	22	40
"160"	"CH120078251943"	119.8	116.55	88.29	74.78	104.86	118.03	338	351
"161"	"CH120078744155"	111.17	103.72	93.17	92.26	108.24	112.75	321	304
"162"	"CH120078982489"	110.35	114.53	87.62	82.4	111.45	134.23	341	343
"163"	"CH120078982502"	108.85	103.5	95.92	90.76	95.81	111.95	299	312
"164"	"CH120079200223"	114.02	113.09	103.86	101.95	108.68	114.31	186	201
"165"	"CH120079234129"	117.65	115.15	101.87	102.77	104.84	113.28	227	190
"166"	"CH120080247385"	118.36	118.7	102.81	106.02	110.94	122.71	205	134
"167"	"CH120080291685"	123.22	113.27	106.68	99	106.94	95.41	121	243
"168"	"CH120080523786"	104.44	110.82	102.27	108.14	102.77	107.35	217	97
"169"	"CH120080541179"	116.79	122.05	103.38	105.48	97.98	111.96	194	143
"170"	"CH120080541360"	110.27	110.35	93.99	84.37	87.42	93.49	312	341
"171"	"CH120080934346"	117.87	115.09	99.32	91.56	111.1	106.23	272	309
"172"	"CH120081154699"	102.27	105.68	109.25	113.3	93.25	112.88	79	35
"173"	"CH120081154743"	108.16	114.62	78.96	76.17	81.8	106.24	354	349
"174"	"CH120081338686"	97.84	101.19	107.32	109.8	106.36	109.74	110	75
"175"	"CH120081543387"	120.3	116.4	106.6	103.75	107.92	95.62	124	175
"176"	"CH120082242678"	124.53	129.75	101.75	108.08	102.89	116.95	228	98
"177"	"CH120082242722"	121.97	125.21	105.45	107.64	119.5	133.94	151	101
"178"	"CH120082476752"	120.76	123.22	119.19	124.24	106.28	114.16	4	2
"179"	"CH120082530355"	114.26	113.39	88.59	89	92.04	104.88	337	322
"180"	"CH120082563629"	128.93	135.24	113.03	120.09	126.8	142.19	36	8
"181"	"CH120082826489"	115.66	115.5	102.84	90.3	112.9	108.68	204	317
"182"	"CH120082870338"	116	114.17	106.06	108.75	118.71	116.13	138	91
"183"	"CH120082870444"	118.14	114.67	110.83	114.3	106.2	115.3	61	32
"184"	"CH120082870598"	121.81	117.27	104.15	100.29	107.68	110.05	180	222
"185"	"CH120083383271"	110.93	115.2	81.58	81.63	107.65	116.57	348	345
"186"	"CH120084736403"	119.7	123.34	100.79	97.87	105.68	98.46	246	254
"187"	"CH120084801996"	120.94	110.93	110.54	103.16	101.97	97.01	65	185
"188"	"CH120085099682"	110.89	120.2	96.22	102.64	109.73	133.24	296	191
"189"	"CH120085568454"	103.79	94.91	119.5	108.2	95.01	79.9	3	95
"190"	"CH120085649047"	115.37	116.16	88.18	88.97	91.71	109.06	339	323
"191"	"CH120086336328"	105.04	99.92	111.39	103.66	99.85	97.76	56	176
"192"	"CH120086631577"	114.18	111.1	106.77	99.07	116.85	114.39	120	240
"193"	"CH120086631584"	121.65	115.96	113.42	110.23	109.03	115.64	29	65
"194"	"CH120086824832"	107.09	114.68	90.11	100.12	99.95	108.99	333	226
"195"	"CH120087202691"	109.84	110.54	117.75	121.09	107.74	107.01	6	7
"196"	"CH120087243649"	115.37	114.11	92.62	89.06	112.48	125.96	325	321
"197"	"CH120087340072"	119.81	113.21	112.41	105.94	110.89	116.02	45	136
"198"	"CH120087442196"	123.53	121.08	104.11	98.27	100.67	106.21	183	251
"199"	"CH120088081479"	124.76	125.03	102.79	102.45	103.06	117.02	206	194
"200"	"CH120088542260"	114.61	119.07	106.82	107	106.01	101.41	118	113
"201"	"CH120088737420"	103.34	105.33	100.05	103.99	103.08	110.53	261	170
"202"	"CH120088784233"	113.97	119.01	84.14	82.63	96.74	109.3	346	342
"203"	"CH120088981632"	116.03	116.74	97.47	85.6	119.81	126.66	283	339
"204"	"CH120089046217"	123.78	118.16	104.73	92.86	98.03	103.44	167	299
"205"	"CH120089499587"	105.53	107.7	91.96	95.32	98.16	108.37	326	276
"206"	"CH120090233651"	100.02	105.4	94.09	98.56	95.76	97.09	311	249
"207"	"CH120090466516"	115.08	111.64	104.39	94.7	107.99	108.43	175	284
"208"	"CH120090991575"	118.52	115.52	115.98	117.11	97.99	95.13	15	15
"209"	"CH120091138351"	116.5	116.97	96.12	93.21	111.7	121.04	298	294
"210"	"CH120091229660"	114.96	109.65	100.92	85.71	103.48	109.32	241	338
"211"	"CH120091250688"	106.69	106.72	96.69	94.84	94.97	103.36	292	282
"212"	"CH120091250695"	113.37	110.18	112.36	109.53	111.21	103.66	48	79
"213"	"CH120091576634"	110.62	110.29	116.04	111.7	103.11	106.01	14	53
"214"	"CH120092179926"	122.38	119.49	103.9	97.07	115.93	114.42	185	262
"215"	"CH120092180021"	116.39	108.95	101.99	92.92	118.9	125.39	222	298
"216"	"CH120092395340"	133.13	133.16	106.51	105.27	116.14	111.71	127	146
"217"	"CH120092923055"	116.11	112.92	108.04	104.95	103.9	100.63	97	153
"218"	"CH120092923154"	126.63	124.75	103.79	107.78	113.22	111.63	187	99
"219"	"CH120092923314"	125.24	116.38	106.22	98.98	104.75	94.75	133	244
"220"	"CH120092923321"	108.22	107.24	97.49	101.12	115.61	115.37	282	209
"221"	"CH120093072394"	117.79	112.28	116.41	108.82	115.98	114.05	10	90
"222"	"CH120093072431"	104.92	108.16	108.92	115.14	93.97	110.49	83	25
"223"	"CH120093140147"	100.7	99.01	93.68	88.88	98.76	105.76	317	324
"224"	"CH120093222140"	127.23	132.55	103.12	110.12	114.27	135.66	200	69
"225"	"CH120093418857"	106.99	109.98	101.05	103.86	100.92	95.03	236	172
"226"	"CH120093994023"	103.03	102.25	100.98	105.11	91.48	109.8	239	151
"227"	"CH120094955306"	116.17	118.62	103.15	101.41	103.06	114.82	199	206
"228"	"CH120095264483"	112.59	111.57	106.66	105.56	105.69	110.39	122	140
"229"	"CH120096176143"	108.26	111.66	88.73	86.64	101.42	110.36	336	335
"230"	"CH120096176181"	116.19	114.05	105.14	103.15	112.4	118.18	154	186
"231"	"CH120096469733"	104.92	110.22	97.05	92.38	110.66	120.25	287	302
"232"	"CH120096822088"	110.92	110.85	98.48	92.31	97.47	97.73	275	303
"233"	"CH120096822149"	107.58	103.9	97.77	90.82	109.82	113.53	280	311
"234"	"CH120096989262"	105.59	111.76	100.88	108.17	97.3	112.01	243	96
"235"	"CH120097133602"	110.67	112.97	103.32	105.54	99.99	105.03	197	141
"236"	"CH120098061577"	121.23	117.96	100.16	95.68	113.03	114.69	259	274
"237"	"CH120098327932"	100.79	97.56	94.45	86.97	113.2	116.4	309	333
"238"	"CH120099361171"	100.85	96.39	109.05	99.15	123.85	121.72	81	238
"239"	"CH120099536388"	113.37	109.83	100.03	96.47	117.04	112.8	262	267
"240"	"CH120099536630"	100.6	99.81	106.84	105.59	119.97	120.25	117	139
"241"	"CH120099744257"	130.77	135.81	109.65	112.98	120.65	124.73	75	39
"242"	"CH120099744318"	131.61	130.43	92.98	91.8	120.57	127.68	323	307
"243"	"CH120099744363"	117.89	115.81	111.22	114.93	120.99	118.27	58	28
"244"	"CH120100055471"	111.46	115.29	100.59	105.53	103.4	111.58	251	142
"245"	"CH120100634614"	107.59	103.37	81.5	68.81	107.91	109.02	349	354
"246"	"CH120101089734"	126.13	124.71	107.14	99.48	123.33	131.02	112	234
"247"	"CH120101216130"	113.11	111.26	101.48	96.79	115.41	117.88	231	265
"248"	"CH120101216222"	115.8	114.62	112.1	104.19	113.66	106.21	49	166
"249"	"CH120101216376"	118.82	121.39	113.1	115.57	106.44	108.01	34	24
"250"	"CH120101216406"	122.84	124.51	106.57	109.93	119.86	120.52	125	74
"251"	"CH120101245000"	117.25	110.59	111.94	107.36	105.37	97.92	51	106
"252"	"CH120101391950"	100.9	109.1	86.1	90.27	115.29	123.03	343	319
"253"	"CH120101513246"	111.92	111.21	93.05	87.71	99.7	102.59	322	331
"254"	"CH120103090035"	118.69	113.87	114.92	116.09	113.7	111.3	19	20
"255"	"CH120103190995"	114.79	109.6	101.13	96.61	115.64	116.71	234	266
"256"	"CH120103353109"	105.11	108.29	110.39	115.12	122.23	121.6	66	26
"257"	"CH120103598647"	107.93	107.28	114.15	117.53	97.08	95.28	26	12
"258"	"CH120103741531"	110.55	104.87	120.69	125.83	106.68	103.34	1	1
"259"	"CH120103741562"	108.22	103.94	114.66	111.91	114.2	102.58	21	51
"260"	"CH120104528285"	117.82	116.28	113.33	107.2	115.84	111.64	31	108
"261"	"CH120104961396"	117.22	112.25	109.69	104.86	119.44	118.18	73	155
"262"	"CH120106087117"	124.88	121.56	108.47	105.77	123.94	114.15	88	137
"263"	"CH120106219570"	114.44	110.92	90.37	80.45	119.27	123.24	332	346
"264"	"CH120107383560"	130	129.13	94.56	86.83	133.77	125.97	308	334
"265"	"CH120107535174"	117.93	116.54	106.06	107.56	97.38	112.74	138	102
"266"	"CH120108038636"	115.62	116.3	107.72	105.75	104.72	105.39	102	138
"267"	"CH120108327068"	123.1	126.39	104.13	112.13	117.24	117.85	182	48
"268"	"CH120108431390"	117.85	120.26	105.77	107.09	124.56	123.91	144	110
"269"	"CH120109208595"	114.92	113.02	106.22	110.97	100.26	106.65	133	59
"270"	"CH120109260302"	115.32	115.98	104.76	107.65	114.74	107.7	164	100
"271"	"CH120109841976"	112.31	116.04	102.7	103.48	110.79	119.84	208	180
"272"	"CH120110299032"	127.46	126.9	104.43	98.46	125.17	123.91	173	250
"273"	"CH120112250390"	119.85	116.64	116.19	116.99	112.21	109.38	12	16
"274"	"CH120115925509"	130.45	125.62	118.14	114.9	120.09	122.6	5	29
"275"	"CH900000281633"	101.67	93.09	110.66	111.47	102.16	82.67	62	55
"276"	"CH900000281657"	115.05	106.48	100.75	90.28	103.71	93.3	248	318
"277"	"CH900000726622"	106.86	101.3	106.01	107.38	105.18	84.45	139	104
"278"	"CH900000737253"	101.1	100.38	108.15	109.63	86.37	89.04	94	77
"279"	"CH900000979806"	114.4	116.27	107.66	110.14	94.61	95.62	103	67
"280"	"CH900000985685"	111.73	106.12	99.92	100.57	102	96.03	263	217
"281"	"CH900000995431"	115.22	110.39	105.8	104.22	95.62	83.58	143	165
"282"	"CH900001017941"	118.38	112.18	100.32	98.96	115.38	98.56	255	245
"283"	"CH900001054267"	120.38	114.86	104.73	103.77	102.66	97.26	167	174
"284"	"CH900001056704"	112.24	107.76	108.59	112.02	100.38	95.05	87	50
"285"	"CH900001057015"	98.8	94.31	102.06	98.72	103.36	95.11	221	247
"286"	"CH900001057022"	98.19	98.24	104.33	103.99	96.27	86.93	176	170
"287"	"CH900001781026"	126.35	128.81	106.09	109.4	93.81	94.78	136	80
"288"	"CH900001847401"	120.21	121.73	109.72	117.15	99.6	110.97	72	14
"289"	"CH900001949495"	101.12	95.54	105.15	106.33	97.38	96.36	153	125
"290"	"CZ000498043874"	120.4	121.09	111.46	111.53	99.56	97.6	55	54
"291"	"CZ001064460811"	122.35	122.37	106.6	99.96	119.88	110.66	124	229
"292"	"CZ007517001815"	102.98	98.26	105.96	104.36	89.85	86.41	141	162
"293"	"CZ007517038101"	103.64	103.98	108.34	110.84	109.94	109.33	90	61
"294"	"CZ030024267733"	112.65	112.75	107.39	103.11	106.77	106.88	108	188
"295"	"CZ093517027054"	104.1	100.98	109.49	108.71	94.03	92.89	76	92
"296"	"CZ303050019912"	102.96	100.48	106.41	107.05	105.86	98.48	130	112
"297"	"CZ930320032557"	117.4	121.02	107.12	102.53	105.49	103.7	113	192
"298"	"DE001138004275"	107.65	104.81	114.4	112.15	100.44	93.79	24	47
"299"	"DE003554668673"	108.98	107.63	90.72	93.68	97.04	117.3	329	291
"300"	"DE003561117430"	119.13	119.54	114.58	114.95	119.39	110.77	23	27
"301"	"DE003561992808"	111.75	113.34	102.54	111.25	106.65	105.56	210	57
"302"	"DE005794324487"	117.33	122.06	102.21	103.02	96.5	102.61	219	189
"303"	"DE005796345794"	115.44	122.51	108.15	112.52	114.78	110.15	94	43
"304"	"DE006651650046"	123.11	117.33	110.07	107.06	110.8	102.4	69	111
"305"	"DE007677024033"	110.63	112.49	112.57	108.38	110.5	107.09	41	94
"306"	"DE008928162030"	103.52	106.59	108.23	116.48	114.77	116.28	91	18
"307"	"DE009404110699"	113.68	114.31	104.56	110.64	103.27	113.27	171	62
"308"	"DE009871380496"	106.71	111.88	87.87	96.04	107.04	121.52	340	271
"309"	"DE009874621015"	125.47	127.73	109.83	115.86	108.77	106.9	71	21
"310"	"DE014011744007"	117.4	109.85	111.92	109.97	98.35	95.14	52	72
"311"	"DE014013343796"	112.29	113.07	108.43	106.08	101.96	105.83	89	133
"312"	"DE014031704432"	125.88	119.76	115.74	114.13	121.48	114.25	16	33
"313"	"DE014048918693"	113.52	116.68	100.8	105.32	112.3	117.96	245	144
"314"	"DE016031917539"	118.27	117.69	108.14	103.65	126.85	112.68	95	177
"315"	"DK081900001137"	110.42	115.1	106.33	109.31	110.59	120.54	131	81
"316"	"DK086359002063"	110.22	107.72	114.79	116.18	101.98	104.34	20	19
"317"	"FR009940540662"	118.61	116.54	103.33	97.66	107.51	109.56	195	255
"318"	"FR012040790042"	126.93	130.59	98.38	101.01	104.46	108.49	277	211
"319"	"FR012971665310"	128.63	126.61	105.73	97.9	105.82	100.1	146	253
"320"	"FR019305993729"	118.81	117.84	103.38	100.2	98.03	89.3	194	225
"321"	"FR019308589127"	123.85	121.52	105.62	106.25	109.67	116.14	148	127
"322"	"FR019313613633"	128.2	132.22	111.53	112.24	111.84	115	54	46
"323"	"FR019314121786"	126.09	128.7	100.99	94.6	113.26	113.22	238	286
"324"	"FR019317333018"	130.02	136.49	99.81	102.17	108.78	113.36	265	197
"325"	"FR019325927445"	126.76	129.58	100.91	101.51	125.41	124.58	242	204
"326"	"FR019327498813"	125.43	133.19	91.65	92.38	132.67	127.9	327	302
"327"	"FR019329671733"	124.5	129.95	89.76	93.33	118.54	118.61	334	293
"328"	"FR019361029615"	130.48	132.48	96.55	95.87	111.09	111	294	273
"329"	"FR019930006573"	111.3	107.52	105.07	108.89	107.67	102.82	156	88
"330"	"FR019930139899"	109.97	111.76	103.05	104.54	102.33	92.79	201	159
"331"	"FR019970020867"	122.48	116.47	105.01	101.29	108.46	102.33	158	208
"332"	"FR022960041841"	127.64	123.7	96.18	95.14	106.72	112.99	297	280
"333"	"FR023074140680"	122.61	129.13	97.77	100.3	119.21	116.23	280	221
"334"	"FR023940120693"	116.1	113.22	101.59	100.78	96.63	95.12	230	213
"335"	"FR044858838197"	115.25	116.44	95.56	95.21	112.5	114.38	301	278
"336"	"FR086041540692"	120.14	118	105.51	96.01	104.92	106.06	150	272
"337"	"FR087008409922"	114.84	120.79	103.72	102.48	119.78	122.59	189	193
"338"	"FR087032004520"	106.19	113.06	98.4	105.12	99.14	103.23	276	150
"339"	"FR087588319406"	109.42	109.47	104.31	105.18	111.63	108.66	177	149
"340"	"FR087920047592"	114.16	110.3	106.18	105.09	98.32	85.82	134	152
"341"	"FR087930075967"	113.42	112.86	106.98	109.29	107.8	114.14	115	83
"342"	"GB000001051124"	113.34	112.69	100.21	103.81	110.7	108.63	257	173
"343"	"GB071522002667"	127.56	128.77	102.25	99.26	115.84	113.08	218	237
"344"	"GB244564000438"	110.59	107.48	99.52	97.08	117.99	119.59	269	261
"345"	"GB429282003460"	138.24	145.69	96.74	104.65	128.74	127.76	290	157
"346"	"GB663513002802"	123.03	123.03	106.45	108.96	117.35	112.81	129	86
"347"	"GB840146004414"	129.1	130.03	100.57	104.12	105.83	107.47	252	167
"348"	"GB906307396672"	122.05	123.09	97.76	94.52	112	104.79	281	288
"349"	"IE815152502715"	112.98	122.54	90.49	99.63	122.88	135.29	331	232
"350"	"IT000009305239"	116.16	116.82	104.58	103.32	115.46	106.87	168	183
"351"	"IT002191041124"	111.66	105.58	105.27	100.34	94.8	94.09	152	220
"352"	"IT041009507605"	123.19	122.45	101.02	97.23	110.6	107.3	237	259
"353"	"IT330000034259"	111.27	117.69	115.57	116.8	100.82	100.1	17	17
"354"	"US000012164035"	89.33	93.58	109.98	111.12	96.6	100.69	70	58